126767
116983
26027
11332
81569
79656, "84871"
79814
375790
57085
27245
55057
55966
204
100128377, "205"
10327
8574
22977
246181
100302276, "100616120", "8659"
29929
249
55160
27237
128272
8289
9048
55616
55210
83858
219293
84938
23400
533
64756
54998
126792
8704
79656, "84871"
266675
192217, "353500"
55108
7809
149478
91408
54955
54987
148345
400757
93190
54991
284498
199920
339448
339541
149563
127795
84970
712
713
714
731
732
765
100616338, "57685"
163688
55450
23261
10487
644075, "832"
842
54897
378807
200014
126661
149483
149473
728621
81669
1043
978
991
998
55143
200008
984
63036
51032
10136
23436
9731
64793
26038
163732
100379251, "1185"
1187
1188
25932
63967
22883
51727
10256
1269, "646330"
1307
1296
1298
54973
1376
9696
84809
114819
1429
1441
114784
1491
11330
606495
1573
1579
284541
1580
260293
199974
163720
100270899, "1600", "414357", "644928", "729423"
6248, "84301"
1650
1676
1677
1718
79947
1733
79469, "84455"
58512
55929
127343
63950
55735
23341
9829
22826
7802
100271137, "85440"
1855
1870
10969
1889
1907
79469, "84455"
79180
8891
8668
100271141, "100302155", "8672"
1996
2023
2035
284656
1969
2046
100616391, "2048"
2060
79033
114625
83715
284729
5394
2134
2166
2170
11124
348487
388581
338094
348378
440585
284593
100420555, "199870"
400728
54751
26232
54455
26270
8547
55277
2268
114827
2275
252995
2306
2301
22887
100132074
100526835, "8790"
2517
2563
1647
2701
148979
10691
100151677, "55970"
29889
63906
100270896, "60313", "728963"
54707
387509
80045
2827
2882
57822
2899
2980
2981
9563
3061
79654
390992
57801
26508
59269
127540
3155
10236
51361
50809
3208
51440
27129
3339
3352
3362
81888
3399
126917
2537
84966
3595
58985
149233
100422902, "10207"
3633
10022
9670
3652
55721
9636
3716
3725
163782
23254
8514
9132
100422866, "23028"
9682
79932
23499, "643314"
57648
90231
57576
100422970, "23095"
11004
128209
127707
339451
9903
112970, "51060"
54596
100616164, "7805"
388633
401944
26119
3953, "54741"
3953, "54741"
79727
79854
115110
148413
646471
653160
7804
126755
10489
57470
5301, "57554"
127255
7798
11313
23499, "643314"
10459
57134
149175
9064
55700
10747
23139
4146
64769
51102
100420165, "1953", "693135"
4237
650901, "84879"
414927
142678
57708
60672
100500876
100616188, "51702"
100616489
100616438, "7133"
8569
25974
79258
148932
100129534, "79906"
55052
51253
64960
51154
11209
4520
4524
2475
79594
4595
54587
127294
114803
65220
4678
55672
84224
23154
4725
55707
257194
4774
407031, "407034", "4802"
57185
64802
26155
79707
261734
8431
387338
84618
10726
115209
4985
4998
127700
192217, "353500"
29943
11240
100616188, "51702"
23569
353238
5051
55229
11315
5081
255738
5142
10630
10158
8863
5192
5195
5236
100500853, "1912"
148479
5293
8503
65018
5320
391013
26279
64600
5322
9651
57449, "8718"
23207
84069
1263
5351
127435
55624
10450
728448
10465
5538
54896
65121
440560
390999
65122
100420339, "100422968", "63976"
7799
5052
5563
5590
84950
5690
5724
8643
57540
5733
5792
10076
692200, "692234", "692235", "9698"
126789
5865
8438
5909
5928
116362
11123
55920
11079
473, "644896"
54933
6006
6007
284716
9783
26994
55182
401934
4919
6118
6121
6135
6146
100532736, "440574", "644068"
100302190, "6195"
26811, "6202", "94161", "94162", "94163"
64121
6248, "84301"
79363
284654
864
64766
148398
22955
6339
9672
51150
6390
57190
347735
83667
10946
6421
100422871, "84251"
400745
83442
79729
6497
6512
284723
6513
6518
155184
7780
23169
9906
50651
200010
6536
6548
200172
64744
27293
79753
9410
374955
54558, "5512"
90853
80176
6723
10250
10772
29101
6487
6491
83931
81493
84958
23334
6883
6886
80835
80834
83756
6920
100507586, "100616315", "127428"
6924
343521
27285
10420
339488
90326
9967
7075
64129
255104
128218
199953
644961, "84065"
23585
55092
339456
79639
113452
55219
100652969, "9528"
199964
51249
643965
8764
100616438, "7133"
7293
943
3604
114034
7161
27095
55223
388610
55001
100287898
22996
100527960, "7268"
254173
112970, "51060"
127253
118424
148581
23352
91544
7389
23358
84196
10911
55187, "677885"
64856
127731
79819
23038
100302279, "100420253", "79971"
54361
49856
55113
8565
54432
79693
51441
9923
3104
653121
80149
23318
51538
84243
100419023, "729198", "9372"
10269
643343, "9202"
84217
149076
80818
51042
257101
127396
406962, "9406"
7579
57643
440590
79699
